Grading at Wed Jun 19 19:45:19 UTC 2019
Attempting to compile retirement.c
Checking for struct _retire_info
Found on line 6, column 1 
Checking for field int months
Found on line 7, column 3 
Checking for field double contribution
Found on line 8, column 3 
Checking for field double rate_of_return
Found on line 9, column 3 
Checking for typedef of struct _retire_info to retire_info
Found on line 11, column 1 
Checking for void retirement (int startAge, double initial,  retire_info working,  retire_info retired)
Found on line 14, column 1 
Checking for int main(void)
Found on line 42, column 1 
Trying to run retirement calculator..
Your file matched the expected output
Removing your main() and replacing it with our own to run more tests...
                |         Working              |        Retired         
 Age | Initial  | Saving  |   Rate    | Months | Spending |   Rate    | Months | Result
 240 |     0.00 | 1234.00 | 0.0026700 |   597  | -3567.00 | 0.0007300 |   230  | Correct
 240 |     0.00 | 1234.00 | 0.0026700 |   597  | -3567.00 | 0.0007300 |   385  | Correct
 240 |     0.00 | 1234.00 | 0.0026700 |   597  | -3567.00 | 0.0044100 |   226  | Correct
 240 |     0.00 | 1234.00 | 0.0026700 |   597  | -3567.00 | 0.0044100 |   382  | Correct
 240 |     0.00 | 1234.00 | 0.0026700 |   597  | -6534.00 | 0.0008600 |   224  | Correct
 240 |     0.00 | 1234.00 | 0.0026700 |   597  | -6534.00 | 0.0008600 |   408  | Correct
 240 |     0.00 | 1234.00 | 0.0026700 |   597  | -6534.00 | 0.0049600 |   233  | Correct
 240 |     0.00 | 1234.00 | 0.0026700 |   597  | -6534.00 | 0.0049600 |   378  | Correct
 240 |     0.00 | 1234.00 | 0.0026700 |   611  | -3567.00 | 0.0000600 |   207  | Correct
 240 |     0.00 | 1234.00 | 0.0026700 |   611  | -3567.00 | 0.0000600 |   394  | Correct
 240 |     0.00 | 1234.00 | 0.0026700 |   611  | -3567.00 | 0.0045100 |   205  | Correct
 240 |     0.00 | 1234.00 | 0.0026700 |   611  | -3567.00 | 0.0045100 |   399  | Correct
 240 |     0.00 | 1234.00 | 0.0026700 |   611  | -6534.00 | 0.0009400 |   213  | Correct
 240 |     0.00 | 1234.00 | 0.0026700 |   611  | -6534.00 | 0.0009400 |   392  | Correct
 240 |     0.00 | 1234.00 | 0.0026700 |   611  | -6534.00 | 0.0042700 |   222  | Correct
 240 |     0.00 | 1234.00 | 0.0026700 |   611  | -6534.00 | 0.0042700 |   397  | Correct
 240 |     0.00 | 1234.00 | 0.0056700 |   597  | -3567.00 | 0.0000900 |   218  | Correct
 240 |     0.00 | 1234.00 | 0.0056700 |   597  | -3567.00 | 0.0000900 |   375  | Correct
 240 |     0.00 | 1234.00 | 0.0056700 |   597  | -3567.00 | 0.0045100 |   226  | Correct
 240 |     0.00 | 1234.00 | 0.0056700 |   597  | -3567.00 | 0.0045100 |   373  | Correct
 240 |     0.00 | 1234.00 | 0.0056700 |   597  | -6534.00 | 0.0006700 |   206  | Correct
 240 |     0.00 | 1234.00 | 0.0056700 |   597  | -6534.00 | 0.0006700 |   396  | Correct
 240 |     0.00 | 1234.00 | 0.0056700 |   597  | -6534.00 | 0.0047600 |   232  | Correct
 240 |     0.00 | 1234.00 | 0.0056700 |   597  | -6534.00 | 0.0047600 |   391  | Correct
 240 |     0.00 | 1234.00 | 0.0056700 |   607  | -3567.00 | 0.0009400 |   211  | Correct
 240 |     0.00 | 1234.00 | 0.0056700 |   607  | -3567.00 | 0.0009400 |   403  | Correct
 240 |     0.00 | 1234.00 | 0.0056700 |   607  | -3567.00 | 0.0046800 |   231  | Correct
 240 |     0.00 | 1234.00 | 0.0056700 |   607  | -3567.00 | 0.0046800 |   388  | Correct
 240 |     0.00 | 1234.00 | 0.0056700 |   607  | -6534.00 | 0.0001300 |   219  | Correct
 240 |     0.00 | 1234.00 | 0.0056700 |   607  | -6534.00 | 0.0001300 |   396  | Correct
 240 |     0.00 | 1234.00 | 0.0056700 |   607  | -6534.00 | 0.0047500 |   227  | Correct
 240 |     0.00 | 1234.00 | 0.0056700 |   607  | -6534.00 | 0.0047500 |   389  | Correct
 240 |     0.00 | 2868.00 | 0.0026700 |   597  | -3567.00 | 0.0003400 |   204  | Correct
 240 |     0.00 | 2868.00 | 0.0026700 |   597  | -3567.00 | 0.0003400 |   390  | Correct
 240 |     0.00 | 2868.00 | 0.0026700 |   597  | -3567.00 | 0.0047000 |   207  | Correct
 240 |     0.00 | 2868.00 | 0.0026700 |   597  | -3567.00 | 0.0047000 |   389  | Correct
 240 |     0.00 | 2868.00 | 0.0026700 |   597  | -6534.00 | 0.0007500 |   224  | Correct
 240 |     0.00 | 2868.00 | 0.0026700 |   597  | -6534.00 | 0.0007500 |   408  | Correct
 240 |     0.00 | 2868.00 | 0.0026700 |   597  | -6534.00 | 0.0049200 |   208  | Correct
 240 |     0.00 | 2868.00 | 0.0026700 |   597  | -6534.00 | 0.0049200 |   388  | Correct
 240 |     0.00 | 2868.00 | 0.0026700 |   609  | -3567.00 | 0.0009600 |   218  | Correct
 240 |     0.00 | 2868.00 | 0.0026700 |   609  | -3567.00 | 0.0009600 |   378  | Correct
 240 |     0.00 | 2868.00 | 0.0026700 |   609  | -3567.00 | 0.0044500 |   214  | Correct
 240 |     0.00 | 2868.00 | 0.0026700 |   609  | -3567.00 | 0.0044500 |   378  | Correct
 240 |     0.00 | 2868.00 | 0.0026700 |   609  | -6534.00 | 0.0000900 |   218  | Correct
 240 |     0.00 | 2868.00 | 0.0026700 |   609  | -6534.00 | 0.0000900 |   379  | Correct
 240 |     0.00 | 2868.00 | 0.0026700 |   609  | -6534.00 | 0.0045500 |   209  | Correct
 240 |     0.00 | 2868.00 | 0.0026700 |   609  | -6534.00 | 0.0045500 |   404  | Correct
 240 |     0.00 | 2868.00 | 0.0056700 |   597  | -3567.00 | 0.0004000 |   229  | Correct
 240 |     0.00 | 2868.00 | 0.0056700 |   597  | -3567.00 | 0.0004000 |   386  | Correct
 240 |     0.00 | 2868.00 | 0.0056700 |   597  | -3567.00 | 0.0042600 |   222  | Correct
 240 |     0.00 | 2868.00 | 0.0056700 |   597  | -3567.00 | 0.0042600 |   379  | Correct
 240 |     0.00 | 2868.00 | 0.0056700 |   597  | -6534.00 | 0.0001500 |   204  | Correct
 240 |     0.00 | 2868.00 | 0.0056700 |   597  | -6534.00 | 0.0001500 |   380  | Correct
 240 |     0.00 | 2868.00 | 0.0056700 |   597  | -6534.00 | 0.0045400 |   220  | Correct
 240 |     0.00 | 2868.00 | 0.0056700 |   597  | -6534.00 | 0.0045400 |   396  | Correct
 240 |     0.00 | 2868.00 | 0.0056700 |   598  | -3567.00 | 0.0002800 |   206  | Correct
 240 |     0.00 | 2868.00 | 0.0056700 |   598  | -3567.00 | 0.0002800 |   394  | Correct
 240 |     0.00 | 2868.00 | 0.0056700 |   598  | -3567.00 | 0.0045700 |   218  | Correct
 240 |     0.00 | 2868.00 | 0.0056700 |   598  | -3567.00 | 0.0045700 |   408  | Correct
 240 |     0.00 | 2868.00 | 0.0056700 |   598  | -6534.00 | 0.0009400 |   211  | Correct
 240 |     0.00 | 2868.00 | 0.0056700 |   598  | -6534.00 | 0.0009400 |   397  | Correct
 240 |     0.00 | 2868.00 | 0.0056700 |   598  | -6534.00 | 0.0045500 |   223  | Correct
 240 |     0.00 | 2868.00 | 0.0056700 |   598  | -6534.00 | 0.0045500 |   395  | Correct
 240 | 10020.85 | 1234.00 | 0.0026700 |   597  | -3567.00 | 0.0000200 |   209  | Correct
 240 | 10020.85 | 1234.00 | 0.0026700 |   597  | -3567.00 | 0.0000200 |   387  | Correct
 240 | 10020.85 | 1234.00 | 0.0026700 |   597  | -3567.00 | 0.0042000 |   207  | Correct
 240 | 10020.85 | 1234.00 | 0.0026700 |   597  | -3567.00 | 0.0042000 |   391  | Correct
 240 | 10020.85 | 1234.00 | 0.0026700 |   597  | -6534.00 | 0.0000800 |   222  | Correct
 240 | 10020.85 | 1234.00 | 0.0026700 |   597  | -6534.00 | 0.0000800 |   398  | Correct
 240 | 10020.85 | 1234.00 | 0.0026700 |   597  | -6534.00 | 0.0048100 |   218  | Correct
 240 | 10020.85 | 1234.00 | 0.0026700 |   597  | -6534.00 | 0.0048100 |   409  | Correct
 240 | 10020.85 | 1234.00 | 0.0026700 |   605  | -3567.00 | 0.0009700 |   219  | Correct
 240 | 10020.85 | 1234.00 | 0.0026700 |   605  | -3567.00 | 0.0009700 |   382  | Correct
 240 | 10020.85 | 1234.00 | 0.0026700 |   605  | -3567.00 | 0.0049700 |   208  | Correct
 240 | 10020.85 | 1234.00 | 0.0026700 |   605  | -3567.00 | 0.0049700 |   378  | Correct
 240 | 10020.85 | 1234.00 | 0.0026700 |   605  | -6534.00 | 0.0008300 |   223  | Correct
 240 | 10020.85 | 1234.00 | 0.0026700 |   605  | -6534.00 | 0.0008300 |   377  | Correct
 240 | 10020.85 | 1234.00 | 0.0026700 |   605  | -6534.00 | 0.0047400 |   209  | Correct
 240 | 10020.85 | 1234.00 | 0.0026700 |   605  | -6534.00 | 0.0047400 |   371  | Correct
 240 | 10020.85 | 1234.00 | 0.0056700 |   597  | -3567.00 | 0.0004500 |   221  | Correct
 240 | 10020.85 | 1234.00 | 0.0056700 |   597  | -3567.00 | 0.0004500 |   387  | Correct
 240 | 10020.85 | 1234.00 | 0.0056700 |   597  | -3567.00 | 0.0041300 |   211  | Correct
 240 | 10020.85 | 1234.00 | 0.0056700 |   597  | -3567.00 | 0.0041300 |   394  | Correct
 240 | 10020.85 | 1234.00 | 0.0056700 |   597  | -6534.00 | 0.0006500 |   232  | Correct
 240 | 10020.85 | 1234.00 | 0.0056700 |   597  | -6534.00 | 0.0006500 |   373  | Correct
 240 | 10020.85 | 1234.00 | 0.0056700 |   597  | -6534.00 | 0.0042700 |   224  | Correct
 240 | 10020.85 | 1234.00 | 0.0056700 |   597  | -6534.00 | 0.0042700 |   378  | Correct
 240 | 10020.85 | 1234.00 | 0.0056700 |   595  | -3567.00 | 0.0006000 |   213  | Correct
 240 | 10020.85 | 1234.00 | 0.0056700 |   595  | -3567.00 | 0.0006000 |   373  | Correct
 240 | 10020.85 | 1234.00 | 0.0056700 |   595  | -3567.00 | 0.0045700 |   221  | Correct
 240 | 10020.85 | 1234.00 | 0.0056700 |   595  | -3567.00 | 0.0045700 |   380  | Correct
 240 | 10020.85 | 1234.00 | 0.0056700 |   595  | -6534.00 | 0.0004000 |   212  | Correct
 240 | 10020.85 | 1234.00 | 0.0056700 |   595  | -6534.00 | 0.0004000 |   373  | Correct
 240 | 10020.85 | 1234.00 | 0.0056700 |   595  | -6534.00 | 0.0048800 |   230  | Correct
 240 | 10020.85 | 1234.00 | 0.0056700 |   595  | -6534.00 | 0.0048800 |   381  | Correct
 240 | 10020.85 | 2908.00 | 0.0026700 |   597  | -3567.00 | 0.0001600 |   228  | Correct
 240 | 10020.85 | 2908.00 | 0.0026700 |   597  | -3567.00 | 0.0001600 |   385  | Correct
 240 | 10020.85 | 2908.00 | 0.0026700 |   597  | -3567.00 | 0.0042800 |   230  | Correct
 240 | 10020.85 | 2908.00 | 0.0026700 |   597  | -3567.00 | 0.0042800 |   405  | Correct
 240 | 10020.85 | 2908.00 | 0.0026700 |   597  | -6534.00 | 0.0006600 |   209  | Correct
 240 | 10020.85 | 2908.00 | 0.0026700 |   597  | -6534.00 | 0.0006600 |   374  | Correct
 240 | 10020.85 | 2908.00 | 0.0026700 |   597  | -6534.00 | 0.0048300 |   225  | Correct
 240 | 10020.85 | 2908.00 | 0.0026700 |   597  | -6534.00 | 0.0048300 |   395  | Correct
 240 | 10020.85 | 2908.00 | 0.0026700 |   587  | -3567.00 | 0.0006500 |   216  | Correct
 240 | 10020.85 | 2908.00 | 0.0026700 |   587  | -3567.00 | 0.0006500 |   381  | Correct
 240 | 10020.85 | 2908.00 | 0.0026700 |   587  | -3567.00 | 0.0042600 |   210  | Correct
 240 | 10020.85 | 2908.00 | 0.0026700 |   587  | -3567.00 | 0.0042600 |   395  | Correct
 240 | 10020.85 | 2908.00 | 0.0026700 |   587  | -6534.00 | 0.0009300 |   225  | Correct
 240 | 10020.85 | 2908.00 | 0.0026700 |   587  | -6534.00 | 0.0009300 |   400  | Correct
 240 | 10020.85 | 2908.00 | 0.0026700 |   587  | -6534.00 | 0.0044100 |   211  | Correct
 240 | 10020.85 | 2908.00 | 0.0026700 |   587  | -6534.00 | 0.0044100 |   392  | Correct
 240 | 10020.85 | 2908.00 | 0.0056700 |   597  | -3567.00 | 0.0001800 |   217  | Correct
 240 | 10020.85 | 2908.00 | 0.0056700 |   597  | -3567.00 | 0.0001800 |   381  | Correct
 240 | 10020.85 | 2908.00 | 0.0056700 |   597  | -3567.00 | 0.0046100 |   207  | Correct
 240 | 10020.85 | 2908.00 | 0.0056700 |   597  | -3567.00 | 0.0046100 |   391  | Correct
 240 | 10020.85 | 2908.00 | 0.0056700 |   597  | -6534.00 | 0.0003100 |   208  | Correct
 240 | 10020.85 | 2908.00 | 0.0056700 |   597  | -6534.00 | 0.0003100 |   377  | Correct
 240 | 10020.85 | 2908.00 | 0.0056700 |   597  | -6534.00 | 0.0046500 |   232  | Correct
 240 | 10020.85 | 2908.00 | 0.0056700 |   597  | -6534.00 | 0.0046500 |   396  | Correct
 240 | 10020.85 | 2908.00 | 0.0056700 |   606  | -3567.00 | 0.0008800 |   218  | Correct
 240 | 10020.85 | 2908.00 | 0.0056700 |   606  | -3567.00 | 0.0008800 |   401  | Correct
 240 | 10020.85 | 2908.00 | 0.0056700 |   606  | -3567.00 | 0.0046700 |   217  | Correct
 240 | 10020.85 | 2908.00 | 0.0056700 |   606  | -3567.00 | 0.0046700 |   395  | Correct
 240 | 10020.85 | 2908.00 | 0.0056700 |   606  | -6534.00 | 0.0000200 |   217  | Correct
 240 | 10020.85 | 2908.00 | 0.0056700 |   606  | -6534.00 | 0.0000200 |   387  | Correct
 240 | 10020.85 | 2908.00 | 0.0056700 |   606  | -6534.00 | 0.0044500 |   210  | Correct
 240 | 10020.85 | 2908.00 | 0.0056700 |   606  | -6534.00 | 0.0044500 |   392  | Correct
 345 |     0.00 | 1234.00 | 0.0026700 |   597  | -3567.00 | 0.0006700 |   232  | Correct
 345 |     0.00 | 1234.00 | 0.0026700 |   597  | -3567.00 | 0.0006700 |   380  | Correct
 345 |     0.00 | 1234.00 | 0.0026700 |   597  | -3567.00 | 0.0043700 |   214  | Correct
 345 |     0.00 | 1234.00 | 0.0026700 |   597  | -3567.00 | 0.0043700 |   401  | Correct
 345 |     0.00 | 1234.00 | 0.0026700 |   597  | -6534.00 | 0.0003600 |   229  | Correct
 345 |     0.00 | 1234.00 | 0.0026700 |   597  | -6534.00 | 0.0003600 |   379  | Correct
 345 |     0.00 | 1234.00 | 0.0026700 |   597  | -6534.00 | 0.0041700 |   230  | Correct
 345 |     0.00 | 1234.00 | 0.0026700 |   597  | -6534.00 | 0.0041700 |   381  | Correct
 345 |     0.00 | 1234.00 | 0.0026700 |   594  | -3567.00 | 0.0000500 |   229  | Correct
 345 |     0.00 | 1234.00 | 0.0026700 |   594  | -3567.00 | 0.0000500 |   408  | Correct
 345 |     0.00 | 1234.00 | 0.0026700 |   594  | -3567.00 | 0.0041000 |   223  | Correct
 345 |     0.00 | 1234.00 | 0.0026700 |   594  | -3567.00 | 0.0041000 |   380  | Correct
 345 |     0.00 | 1234.00 | 0.0026700 |   594  | -6534.00 | 0.0007100 |   213  | Correct
 345 |     0.00 | 1234.00 | 0.0026700 |   594  | -6534.00 | 0.0007100 |   406  | Correct
 345 |     0.00 | 1234.00 | 0.0026700 |   594  | -6534.00 | 0.0042800 |   217  | Correct
 345 |     0.00 | 1234.00 | 0.0026700 |   594  | -6534.00 | 0.0042800 |   381  | Correct
 345 |     0.00 | 1234.00 | 0.0056700 |   597  | -3567.00 | 0.0003500 |   213  | Correct
 345 |     0.00 | 1234.00 | 0.0056700 |   597  | -3567.00 | 0.0003500 |   378  | Correct
 345 |     0.00 | 1234.00 | 0.0056700 |   597  | -3567.00 | 0.0046000 |   225  | Correct
 345 |     0.00 | 1234.00 | 0.0056700 |   597  | -3567.00 | 0.0046000 |   391  | Correct
 345 |     0.00 | 1234.00 | 0.0056700 |   597  | -6534.00 | 0.0003600 |   230  | Correct
 345 |     0.00 | 1234.00 | 0.0056700 |   597  | -6534.00 | 0.0003600 |   389  | Correct
 345 |     0.00 | 1234.00 | 0.0056700 |   597  | -6534.00 | 0.0042900 |   220  | Correct
 345 |     0.00 | 1234.00 | 0.0056700 |   597  | -6534.00 | 0.0042900 |   398  | Correct
 345 |     0.00 | 1234.00 | 0.0056700 |   588  | -3567.00 | 0.0003000 |   204  | Correct
 345 |     0.00 | 1234.00 | 0.0056700 |   588  | -3567.00 | 0.0003000 |   385  | Correct
 345 |     0.00 | 1234.00 | 0.0056700 |   588  | -3567.00 | 0.0049300 |   230  | Correct
 345 |     0.00 | 1234.00 | 0.0056700 |   588  | -3567.00 | 0.0049300 |   407  | Correct
 345 |     0.00 | 1234.00 | 0.0056700 |   588  | -6534.00 | 0.0008700 |   223  | Correct
 345 |     0.00 | 1234.00 | 0.0056700 |   588  | -6534.00 | 0.0008700 |   377  | Correct
 345 |     0.00 | 1234.00 | 0.0056700 |   588  | -6534.00 | 0.0040100 |   219  | Correct
 345 |     0.00 | 1234.00 | 0.0056700 |   588  | -6534.00 | 0.0040100 |   394  | Correct
 345 |     0.00 | 2779.00 | 0.0026700 |   597  | -3567.00 | 0.0005000 |   207  | Correct
 345 |     0.00 | 2779.00 | 0.0026700 |   597  | -3567.00 | 0.0005000 |   397  | Correct
 345 |     0.00 | 2779.00 | 0.0026700 |   597  | -3567.00 | 0.0044000 |   205  | Correct
 345 |     0.00 | 2779.00 | 0.0026700 |   597  | -3567.00 | 0.0044000 |   374  | Correct
 345 |     0.00 | 2779.00 | 0.0026700 |   597  | -6534.00 | 0.0003100 |   206  | Correct
 345 |     0.00 | 2779.00 | 0.0026700 |   597  | -6534.00 | 0.0003100 |   370  | Correct
 345 |     0.00 | 2779.00 | 0.0026700 |   597  | -6534.00 | 0.0040400 |   222  | Correct
 345 |     0.00 | 2779.00 | 0.0026700 |   597  | -6534.00 | 0.0040400 |   377  | Correct
 345 |     0.00 | 2779.00 | 0.0026700 |   586  | -3567.00 | 0.0006900 |   232  | Correct
 345 |     0.00 | 2779.00 | 0.0026700 |   586  | -3567.00 | 0.0006900 |   383  | Correct
 345 |     0.00 | 2779.00 | 0.0026700 |   586  | -3567.00 | 0.0042600 |   207  | Correct
 345 |     0.00 | 2779.00 | 0.0026700 |   586  | -3567.00 | 0.0042600 |   407  | Correct
 345 |     0.00 | 2779.00 | 0.0026700 |   586  | -6534.00 | 0.0004300 |   226  | Correct
 345 |     0.00 | 2779.00 | 0.0026700 |   586  | -6534.00 | 0.0004300 |   372  | Correct
 345 |     0.00 | 2779.00 | 0.0026700 |   586  | -6534.00 | 0.0042500 |   207  | Correct
 345 |     0.00 | 2779.00 | 0.0026700 |   586  | -6534.00 | 0.0042500 |   377  | Correct
 345 |     0.00 | 2779.00 | 0.0056700 |   597  | -3567.00 | 0.0003900 |   219  | Correct
 345 |     0.00 | 2779.00 | 0.0056700 |   597  | -3567.00 | 0.0003900 |   404  | Correct
 345 |     0.00 | 2779.00 | 0.0056700 |   597  | -3567.00 | 0.0044200 |   232  | Correct
 345 |     0.00 | 2779.00 | 0.0056700 |   597  | -3567.00 | 0.0044200 |   388  | Correct
 345 |     0.00 | 2779.00 | 0.0056700 |   597  | -6534.00 | 0.0006600 |   215  | Correct
 345 |     0.00 | 2779.00 | 0.0056700 |   597  | -6534.00 | 0.0006600 |   388  | Correct
 345 |     0.00 | 2779.00 | 0.0056700 |   597  | -6534.00 | 0.0047500 |   216  | Correct
 345 |     0.00 | 2779.00 | 0.0056700 |   597  | -6534.00 | 0.0047500 |   402  | Correct
 345 |     0.00 | 2779.00 | 0.0056700 |   609  | -3567.00 | 0.0004200 |   214  | Correct
 345 |     0.00 | 2779.00 | 0.0056700 |   609  | -3567.00 | 0.0004200 |   404  | Correct
 345 |     0.00 | 2779.00 | 0.0056700 |   609  | -3567.00 | 0.0046600 |   205  | Correct
 345 |     0.00 | 2779.00 | 0.0056700 |   609  | -3567.00 | 0.0046600 |   376  | Correct
 345 |     0.00 | 2779.00 | 0.0056700 |   609  | -6534.00 | 0.0009800 |   204  | Correct
 345 |     0.00 | 2779.00 | 0.0056700 |   609  | -6534.00 | 0.0009800 |   383  | Correct
 345 |     0.00 | 2779.00 | 0.0056700 |   609  | -6534.00 | 0.0049900 |   230  | Correct
 345 |     0.00 | 2779.00 | 0.0056700 |   609  | -6534.00 | 0.0049900 |   382  | Correct
 345 | 14579.86 | 1234.00 | 0.0026700 |   597  | -3567.00 | 0.0007900 |   213  | Correct
 345 | 14579.86 | 1234.00 | 0.0026700 |   597  | -3567.00 | 0.0007900 |   385  | Correct
 345 | 14579.86 | 1234.00 | 0.0026700 |   597  | -3567.00 | 0.0045800 |   222  | Correct
 345 | 14579.86 | 1234.00 | 0.0026700 |   597  | -3567.00 | 0.0045800 |   386  | Correct
 345 | 14579.86 | 1234.00 | 0.0026700 |   597  | -6534.00 | 0.0007300 |   230  | Correct
 345 | 14579.86 | 1234.00 | 0.0026700 |   597  | -6534.00 | 0.0007300 |   385  | Correct
 345 | 14579.86 | 1234.00 | 0.0026700 |   597  | -6534.00 | 0.0041700 |   213  | Correct
 345 | 14579.86 | 1234.00 | 0.0026700 |   597  | -6534.00 | 0.0041700 |   408  | Correct
 345 | 14579.86 | 1234.00 | 0.0026700 |   609  | -3567.00 | 0.0000000 |   213  | Correct
 345 | 14579.86 | 1234.00 | 0.0026700 |   609  | -3567.00 | 0.0000000 |   380  | Correct
 345 | 14579.86 | 1234.00 | 0.0026700 |   609  | -3567.00 | 0.0043300 |   215  | Correct
 345 | 14579.86 | 1234.00 | 0.0026700 |   609  | -3567.00 | 0.0043300 |   376  | Correct
 345 | 14579.86 | 1234.00 | 0.0026700 |   609  | -6534.00 | 0.0004200 |   209  | Correct
 345 | 14579.86 | 1234.00 | 0.0026700 |   609  | -6534.00 | 0.0004200 |   384  | Correct
 345 | 14579.86 | 1234.00 | 0.0026700 |   609  | -6534.00 | 0.0046100 |   229  | Correct
 345 | 14579.86 | 1234.00 | 0.0026700 |   609  | -6534.00 | 0.0046100 |   399  | Correct
 345 | 14579.86 | 1234.00 | 0.0056700 |   597  | -3567.00 | 0.0001400 |   210  | Correct
 345 | 14579.86 | 1234.00 | 0.0056700 |   597  | -3567.00 | 0.0001400 |   394  | Correct
 345 | 14579.86 | 1234.00 | 0.0056700 |   597  | -3567.00 | 0.0048500 |   204  | Correct
 345 | 14579.86 | 1234.00 | 0.0056700 |   597  | -3567.00 | 0.0048500 |   393  | Correct
 345 | 14579.86 | 1234.00 | 0.0056700 |   597  | -6534.00 | 0.0009500 |   217  | Correct
 345 | 14579.86 | 1234.00 | 0.0056700 |   597  | -6534.00 | 0.0009500 |   393  | Correct
 345 | 14579.86 | 1234.00 | 0.0056700 |   597  | -6534.00 | 0.0048100 |   209  | Correct
 345 | 14579.86 | 1234.00 | 0.0056700 |   597  | -6534.00 | 0.0048100 |   370  | Correct
 345 | 14579.86 | 1234.00 | 0.0056700 |   614  | -3567.00 | 0.0008100 |   204  | Correct
 345 | 14579.86 | 1234.00 | 0.0056700 |   614  | -3567.00 | 0.0008100 |   404  | Correct
 345 | 14579.86 | 1234.00 | 0.0056700 |   614  | -3567.00 | 0.0048800 |   210  | Correct
 345 | 14579.86 | 1234.00 | 0.0056700 |   614  | -3567.00 | 0.0048800 |   407  | Correct
 345 | 14579.86 | 1234.00 | 0.0056700 |   614  | -6534.00 | 0.0002100 |   209  | Correct
 345 | 14579.86 | 1234.00 | 0.0056700 |   614  | -6534.00 | 0.0002100 |   381  | Correct
 345 | 14579.86 | 1234.00 | 0.0056700 |   614  | -6534.00 | 0.0047700 |   206  | Correct
 345 | 14579.86 | 1234.00 | 0.0056700 |   614  | -6534.00 | 0.0047700 |   371  | Correct
 345 | 14579.86 | 3242.00 | 0.0026700 |   597  | -3567.00 | 0.0003900 |   204  | Correct
 345 | 14579.86 | 3242.00 | 0.0026700 |   597  | -3567.00 | 0.0003900 |   394  | Correct
 345 | 14579.86 | 3242.00 | 0.0026700 |   597  | -3567.00 | 0.0043000 |   219  | Correct
 345 | 14579.86 | 3242.00 | 0.0026700 |   597  | -3567.00 | 0.0043000 |   405  | Correct
 345 | 14579.86 | 3242.00 | 0.0026700 |   597  | -6534.00 | 0.0008000 |   223  | Correct
 345 | 14579.86 | 3242.00 | 0.0026700 |   597  | -6534.00 | 0.0008000 |   409  | Correct
 345 | 14579.86 | 3242.00 | 0.0026700 |   597  | -6534.00 | 0.0044600 |   214  | Correct
 345 | 14579.86 | 3242.00 | 0.0026700 |   597  | -6534.00 | 0.0044600 |   388  | Correct
 345 | 14579.86 | 3242.00 | 0.0026700 |   591  | -3567.00 | 0.0007800 |   217  | Correct
 345 | 14579.86 | 3242.00 | 0.0026700 |   591  | -3567.00 | 0.0007800 |   408  | Correct
 345 | 14579.86 | 3242.00 | 0.0026700 |   591  | -3567.00 | 0.0046800 |   216  | Correct
 345 | 14579.86 | 3242.00 | 0.0026700 |   591  | -3567.00 | 0.0046800 |   401  | Correct
 345 | 14579.86 | 3242.00 | 0.0026700 |   591  | -6534.00 | 0.0007400 |   213  | Correct
 345 | 14579.86 | 3242.00 | 0.0026700 |   591  | -6534.00 | 0.0007400 |   397  | Correct
 345 | 14579.86 | 3242.00 | 0.0026700 |   591  | -6534.00 | 0.0048300 |   210  | Correct
 345 | 14579.86 | 3242.00 | 0.0026700 |   591  | -6534.00 | 0.0048300 |   373  | Correct
 345 | 14579.86 | 3242.00 | 0.0056700 |   597  | -3567.00 | 0.0009500 |   206  | Correct
 345 | 14579.86 | 3242.00 | 0.0056700 |   597  | -3567.00 | 0.0009500 |   381  | Correct
 345 | 14579.86 | 3242.00 | 0.0056700 |   597  | -3567.00 | 0.0044500 |   229  | Correct
 345 | 14579.86 | 3242.00 | 0.0056700 |   597  | -3567.00 | 0.0044500 |   385  | Correct
 345 | 14579.86 | 3242.00 | 0.0056700 |   597  | -6534.00 | 0.0007100 |   210  | Correct
 345 | 14579.86 | 3242.00 | 0.0056700 |   597  | -6534.00 | 0.0007100 |   400  | Correct
 345 | 14579.86 | 3242.00 | 0.0056700 |   597  | -6534.00 | 0.0043600 |   218  | Correct
 345 | 14579.86 | 3242.00 | 0.0056700 |   597  | -6534.00 | 0.0043600 |   370  | Correct
 345 | 14579.86 | 3242.00 | 0.0056700 |   607  | -3567.00 | 0.0002100 |   231  | Correct
 345 | 14579.86 | 3242.00 | 0.0056700 |   607  | -3567.00 | 0.0002100 |   409  | Correct
 345 | 14579.86 | 3242.00 | 0.0056700 |   607  | -3567.00 | 0.0040700 |   222  | Correct
 345 | 14579.86 | 3242.00 | 0.0056700 |   607  | -3567.00 | 0.0040700 |   407  | Correct
 345 | 14579.86 | 3242.00 | 0.0056700 |   607  | -6534.00 | 0.0009300 |   209  | Correct
 345 | 14579.86 | 3242.00 | 0.0056700 |   607  | -6534.00 | 0.0009300 |   377  | Correct
 345 | 14579.86 | 3242.00 | 0.0056700 |   607  | -6534.00 | 0.0040000 |   210  | Correct
 345 | 14579.86 | 3242.00 | 0.0056700 |   607  | -6534.00 | 0.0040000 |   385  | Correct

Overall Grade: A
